17
2147483647 554644 351763 547361 723033 473203 59642 753205 875879 250638 736543 733600 751006 708008 438641 214905 56072 
554644 2147483647 309730 813716 30197 983128 999940 600070 787495 317352 684923 123789 899630 258913 205401 81418 164854 
351763 309730 2147483647 274249 433180 226420 997281 420587 800265 264691 810670 50904 1234 58475 316114 709242 11320 
547361 813716 274249 2147483647 531018 279518 321050 858938 823918 818382 858879 423988 605877 690435 108911 729665 104271 
723033 30197 433180 531018 2147483647 367823 449270 185688 46882 237723 618867 273301 749209 553659 73566 13900 878533 
473203 983128 226420 279518 367823 2147483647 638673 529338 451213 954787 752784 462532 10 32302 783581 373153 856219 
59642 999940 997281 321050 449270 638673 2147483647 601963 232032 794412 722045 436671 417527 965914 540941 299555 415185 
753205 600070 420587 858938 185688 529338 601963 2147483647 726628 346436 167112 859700 133941 916320 927563 207506 930220 
875879 787495 800265 823918 46882 451213 232032 726628 2147483647 806096 360384 973762 257309 829375 726546 234046 829384 
250638 317352 264691 818382 237723 954787 794412 346436 806096 2147483647 273052 17627 202537 643475 133795 948772 437887 
736543 684923 810670 858879 618867 752784 722045 167112 360384 273052 2147483647 855839 385444 855414 821753 926384 154969 
733600 123789 50904 423988 273301 462532 436671 859700 973762 17627 855839 2147483647 751142 167218 15609 432459 26918 
751006 899630 1234 605877 749209 10 417527 133941 257309 202537 385444 751142 2147483647 149549 348779 954480 357054 
708008 258913 58475 690435 553659 32302 965914 916320 829375 643475 855414 167218 149549 2147483647 793203 274781 231642 
438641 205401 316114 108911 73566 783581 540941 927563 726546 133795 821753 15609 348779 793203 2147483647 766965 532090 
214905 81418 709242 729665 13900 373153 299555 207506 234046 948772 926384 432459 954480 274781 766965 2147483647 61017 
56072 164854 11320 104271 878533 856219 415185 930220 829384 437887 154969 26918 357054 231642 532090 61017 2147483647 
