9
2147483647 874101 923787 223277 97788 155082 400947 390123 317595 
874101 2147483647 826391 533709 706649 899283 315630 316401 110609 
923787 826391 2147483647 272277 468563 510457 544004 238217 84722 
223277 533709 272277 2147483647 571307 847389 76288 41387 148001 
97788 706649 468563 571307 2147483647 220895 176323 540693 902825 
155082 899283 510457 847389 220895 2147483647 45490 414794 826613 
400947 315630 544004 76288 176323 45490 2147483647 268766 512581 
390123 316401 238217 41387 540693 414794 268766 2147483647 981694 
317595 110609 84722 148001 902825 826613 512581 981694 2147483647 
